factor:
factor[0] = 00000000000000000000000000000101.000000000000000000000000000000
factor[1] = 00000000000000000000000000000011.000000000000000000000000000000
factor[2] = 00000000000000000000000000000010.000000000000000000000000000000
factor[3] = 00000000000000000000000000000001.100000000000000000000000000000
factor[4] = 00000000000000000000000000000001.010000000000000000000000000000
factor[5] = 00000000000000000000000000000001.001000000000000000000000000000
factor[6] = 00000000000000000000000000000001.000100000000000000000000000000
factor[7] = 00000000000000000000000000000001.000010000000000000000000000000
factor[8] = 00000000000000000000000000000001.000001000000000000000000000000
logn:
logn[0] = 00000000000000000000000000000001.100111000000010000100000000000
logn[1] = 00000000000000000000000000000001.000110010011111010101000000000
logn[2] = 00000000000000000000000000000000.101100010111001000011000000000
logn[3] = 00000000000000000000000000000000.011001111100110010001111100000
logn[4] = 00000000000000000000000000000000.001110010001111111101111100000
logn[5] = 00000000000000000000000000000000.000111100010011100000111011000
logn[6] = 00000000000000000000000000000000.000011111000010100011000011000
logn[7] = 00000000000000000000000000000000.000001111110000010100110110000
logn[8] = 00000000000000000000000000000000.000000111111100000010101000110
